593.0 100.0 100.0 0
368.0 100.0 100.0 0
131.0 100.0 100.0 0
189.0 100.0 100.0 0
290.0 100.0 100.0 0
140.0 100.0 100.0 0
114.0 75.0 75.0 1
161.0 75.0 75.0 1
194.0 75.0 75.0 0
182.0 75.0 75.0 0
70.0 75.0 75.0 1
148.0 50.0 50.0 1
70.0 50.0 50.0 1
320.0 50.0 50.0 1
616.0 50.0 50.0 1
259.0 50.0 50.0 0
117.0 25.0 50.0 1
85.0 25.0 50.0 1
175.0 25.0 50.0 0
119.0 25.0 50.0 2
438.0 25.0 50.0 2
420.0 25.0 50.0 2
166.0 25.0 50.0 2
136.0 25.0 50.0 2
335.0 75.0 50.0 2
237.0 75.0 50.0 0
111.0 50.0 50.0 1
89.0 25.0 50.0 1
171.0 25.0 50.0 0
70.0 25.0 50.0 2
84.0 25.0 50.0 2
310.0 25.0 50.0 2
257.0 25.0 50.0 2
384.0 25.0 50.0 2
277.0 75.0 50.0 2
177.0 75.0 50.0 0
83.0 50.0 50.0 1
70.0 50.0 50.0 1
171.0 50.0 50.0 1
251.0 50.0 50.0 1
70.0 50.0 50.0 1
70.0 25.0 50.0 1
87.0 25.0 50.0 2
331.0 25.0 50.0 2
331.0 25.0 50.0 2
100.0 25.0 50.0 2
93.0 25.0 50.0 2
279.0 75.0 50.0 2
182.0 75.0 50.0 0
112.0 50.0 50.0 1
82.0 25.0 50.0 1
134.0 25.0 50.0 1
230.0 25.0 50.0 0
70.0 25.0 50.0 1
74.0 25.0 50.0 1
70.0 25.0 50.0 1
83.0 25.0 50.0 1
75.0 25.0 50.0 1
93.0 25.0 25.0 1
91.0 25.0 25.0 1
70.0 25.0 25.0 1
67.0 25.0 0.0 1
12.0 25.0 0.0 1
77.0 25.0 0.0 1
594.0 100.0 100.0 0
398.0 100.0 100.0 0
132.0 100.0 100.0 0
117.0 75.0 100.0 1
82.0 50.0 100.0 1
124.0 50.0 100.0 0
86.0 50.0 100.0 0
71.0 50.0 75.0 1
87.0 50.0 50.0 1
79.0 50.0 50.0 1
257.0 50.0 50.0 1
222.0 50.0 50.0 1
152.0 50.0 50.0 0
86.0 25.0 50.0 1
70.0 25.0 50.0 2
70.0 25.0 50.0 2
79.0 25.0 50.0 2
96.0 25.0 50.0 2
96.0 25.0 50.0 2
63.0 0.0 50.0 2
117.0 0.0 50.0 2
123.0 0.0 50.0 2
603.0 100.0 100.0 0
397.0 100.0 100.0 0
70.0 100.0 100.0 0
80.0 50.0 100.0 1
70.0 50.0 100.0 1
82.0 50.0 100.0 1
190.0 50.0 75.0 1
160.0 50.0 75.0 1
169.0 50.0 75.0 1
85.0 0.0 75.0 1
103.0 0.0 75.0 1
141.0 0.0 75.0 1
141.0 0.0 75.0 1